gamma=0.17, size=100, alpha_mean=0.998932218145587, alpha_var=4.90013516083319e-07
alphas=[0.99939658 0.99787789 0.99861269 0.99946413 0.99900136 0.99906795
 0.99884185 0.99910684 0.99911046 0.99954815 0.99807219 0.99666701
 0.99665787 0.99802714 0.99947198 0.99939609 0.9974794  0.99942818
 0.99942392 0.99946807 0.99906976 0.99937869 0.99908574 0.99715789
 0.99950181 0.99922937 0.99836702 0.99960615 0.99916722 0.99954357
 0.99841227 0.99768569 0.99959165 0.99929521 0.99931505 0.99906551
 0.99881231 0.99808079 0.99905263 0.99933241 0.9979449  0.99949569
 0.99958696 0.99896514 0.99922367 0.99944899 0.99872943 0.99936116
 0.99912569 0.9986342  0.99919104 0.99871221 0.99941461 0.99956679
 0.99916408 0.99937509 0.9986738  0.99942349 0.99897969 0.99931161
 0.99899302 0.99952456 0.99917365 0.99932502 0.99798415 0.9994409
 0.99734667 0.99889934 0.99631753 0.99938101 0.99884161 0.99941767
 0.99902253 0.99924798 0.99923125 0.99916304 0.99938764 0.9994206
 0.99967188 0.9994435  0.99875837 0.99906333 0.99945184 0.99918314
 0.99934806 0.99933662 0.99914051 0.99707771 0.99822968 0.99947376
 0.99899417 0.99802647 0.99913752 0.99927938 0.99902272 0.99923146
 0.99926015 0.99889705 0.99894031 0.99893728]                       
gamma=0.17, size=200, alpha_mean=0.999701138423589, alpha_var=2.5184722388446025e-08
alphas=[0.99983551 0.99966044 0.99969645 0.99966847 0.99974011 0.99973222
 0.9997027  0.99968765 0.99952417 0.99975224 0.99954625 0.99881588
 0.99968382 0.99981086 0.99988943 0.99950381 0.99983168 0.99981714
 0.99964947 0.99971312 0.99987968 0.99949802 0.99964751 0.99937058
 0.99972894 0.99967101 0.99956185 0.99979987 0.99974241 0.99974347
 0.99973972 0.99975442 0.99978754 0.99972681 0.99968675 0.99976032
 0.99971164 0.99926845 0.99971763 0.99981003 0.9991692  0.99953308
 0.99981772 0.99977675 0.99973236 0.99957443 0.99967127 0.99977556
 0.99974346 0.99950118 0.99966215 0.99963481 0.99980678 0.99979205
 0.99983304 0.9997896  0.99957633 0.99967083 0.99970927 0.9997204
 0.99968141 0.99964049 0.99984419 0.999745   0.99974715 0.99990038
 0.99974094 0.99969661 0.9998793  0.99948936 0.99982353 0.99980179
 0.99943902 0.99942434 0.99988899 0.99957039 0.99978458 0.99991319
 0.99981423 0.99972057 0.99990016 0.99982651 0.9998638  0.99983487
 0.99962747 0.99972596 0.99972377 0.99970314 0.99979964 0.99971386
 0.99979095 0.99970827 0.99984733 0.99975579 0.99974093 0.99977598
 0.99959872 0.99973939 0.99987674 0.99965676]                       
gamma=0.17, size=300, alpha_mean=0.9998304360444047, alpha_var=4.379800208699925e-09
alphas=[0.99975914 0.99982029 0.999848   0.99986957 0.99979735 0.9997519
 0.99982258 0.99980367 0.99983011 0.99991913 0.99974856 0.99993672
 0.99988259 0.99978788 0.99987258 0.99987455 0.99971736 0.9998783
 0.99964983 0.99977599 0.99992356 0.99989714 0.99980539 0.9997937
 0.99986812 0.99976462 0.99979847 0.99979656 0.99984877 0.99976746
 0.99984561 0.99983278 0.99976591 0.99987448 0.99984925 0.99984617
 0.99988472 0.99989953 0.99988608 0.99970844 0.99987422 0.99989445
 0.99982635 0.99990938 0.9997919  0.9999241  0.99983062 0.99984734
 0.99985419 0.99984723 0.99990366 0.99984465 0.99988164 0.9997848
 0.99989321 0.99987232 0.99986594 0.99982929 0.9998788  0.99987382
 0.99985614 0.99990041 0.99963572 0.9998328  0.99982813 0.9998145
 0.99983043 0.99976991 0.99988403 0.99968961 0.99989417 0.99970015
 0.99986567 0.99981254 0.99980797 0.99983035 0.99987864 0.99993182
 0.99983953 0.99976607 0.99989074 0.99984405 0.99985723 0.99986315
 0.99988455 0.99975093 0.99974948 0.99967534 0.99969617 0.99989175
 0.999924   0.99983006 0.99988575 0.99990926 0.99986743 0.99982114
 0.99988934 0.99979569 0.99974206 0.99967612]                       
gamma=0.17, size=400, alpha_mean=0.9998875122349048, alpha_var=1.3196572259479683e-09
alphas=[0.99992213 0.99989173 0.99993735 0.99992377 0.99991603 0.99983983
 0.99987567 0.99992385 0.99993144 0.99986717 0.99985843 0.99991539
 0.99984141 0.99981995 0.99977954 0.99986835 0.99985964 0.99987943
 0.99983946 0.9999138  0.99988228 0.99988358 0.99988368 0.99995743
 0.99987178 0.99991835 0.99992138 0.99989684 0.99984351 0.99988537
 0.99983044 0.99993195 0.99990211 0.99984798 0.99985346 0.99993787
 0.99994927 0.99991271 0.99993721 0.99992942 0.99993028 0.99988376
 0.99987558 0.99985427 0.99995214 0.99983965 0.99982208 0.99991352
 0.99985866 0.99989901 0.99987433 0.99988748 0.99988595 0.99988081
 0.99991866 0.99989393 0.99985111 0.99983143 0.99993346 0.99992081
 0.99986097 0.99987243 0.99985389 0.99994176 0.9998971  0.99991464
 0.99985312 0.99988577 0.99987767 0.99985062 0.99992101 0.99989176
 0.99992987 0.99988904 0.99984882 0.99991717 0.99987788 0.99991443
 0.99995033 0.99988681 0.99993322 0.99984036 0.99988608 0.99985004
 0.9999087  0.99979275 0.99992772 0.99990656 0.99987602 0.99990887
 0.99993765 0.99986392 0.99988698 0.99988901 0.9998489  0.99988425
 0.99986742 0.99988383 0.9998874  0.99984859]                       
gamma=0.17, size=500, alpha_mean=0.9999043989714099, alpha_var=1.025806953310391e-09
alphas=[0.99984648 0.99988026 0.99993108 0.99980298 0.9998394  0.99991208
 0.99989113 0.9998883  0.99989787 0.99993921 0.99992442 0.99989932
 0.99994879 0.99990326 0.99989159 0.99990837 0.99984631 0.99993711
 0.99986022 0.99988349 0.99987129 0.9999357  0.9999291  0.99991393
 0.99992552 0.99987571 0.99992384 0.99992519 0.99984472 0.9999121
 0.99988631 0.99985909 0.99992323 0.99993938 0.99989588 0.99990383
 0.99984023 0.99985774 0.99990298 0.99990286 0.99991258 0.99982675
 0.99987662 0.99986042 0.99989621 0.99992186 0.99995857 0.99990705
 0.99988106 0.9999219  0.99987909 0.99991804 0.99991624 0.99991696
 0.99991228 0.99991575 0.99993289 0.99989887 0.9998912  0.99994822
 0.99991663 0.9999366  0.99993723 0.99993666 0.99987615 0.99989963
 0.99988926 0.9998954  0.99991226 0.99996662 0.99988784 0.99991308
 0.9999491  0.99990135 0.99989281 0.99993663 0.99990358 0.99994309
 0.99989684 0.99993993 0.99990597 0.99992978 0.99987138 0.99992933
 0.99993788 0.99988182 0.99992603 0.99986315 0.99992111 0.99989952
 0.9998733  0.99992711 0.99993993 0.99995059 0.99983099 0.9999449
 0.99989354 0.99993442 0.99990515 0.99995048]                       
Mean alpha values for gamma=0.17: 
[0.99893222 0.99970114 0.99983044 0.99988751 0.9999044 ]
gamma=0.33, size=100, alpha_mean=0.9980658145599238, alpha_var=1.3484750751048275e-06
alphas=[0.996192   0.99785897 0.99880107 0.9987933  0.99795472 0.99839925
 0.99447878 0.99916226 0.99850385 0.99758255 0.99735483 0.99701087
 0.99721299 0.99859288 0.99879095 0.99894454 0.99868158 0.99797213
 0.99771984 0.99834509 0.99920988 0.99916089 0.99856933 0.99780833
 0.99894386 0.99618334 0.99911087 0.99855528 0.99700049 0.99828862
 0.99835505 0.99902125 0.99905789 0.99824574 0.99748028 0.99489275
 0.99849833 0.99879699 0.99773331 0.99878775 0.99899296 0.99567912
 0.99872332 0.99890905 0.99794422 0.9989543  0.9990578  0.99854771
 0.99754792 0.99904358 0.99790447 0.99836206 0.99862734 0.99821261
 0.99775644 0.99949277 0.99727446 0.99854678 0.99803525 0.99821589
 0.9980813  0.99797412 0.99896035 0.99711436 0.99650832 0.99853646
 0.99893859 0.99885981 0.99849606 0.99877758 0.99918556 0.99765864
 0.9966116  0.99869253 0.99845332 0.99518213 0.99715311 0.99887966
 0.99536105 0.99533246 0.9965757  0.99956936 0.99765628 0.99833986
 0.998916   0.998392   0.99912778 0.99909153 0.99299178 0.99905634
 0.99870208 0.99785467 0.9980963  0.99850343 0.99835678 0.99909111
 0.9983499  0.99746688 0.99873701 0.99906894]                       
gamma=0.33, size=200, alpha_mean=0.9990002027817743, alpha_var=4.5231540242924846e-07
alphas=[0.99920584 0.99790462 0.9990625  0.99830053 0.99817811 0.9996009
 0.99932319 0.99879686 0.99925409 0.99895994 0.9985505  0.99975481
 0.99981628 0.99972667 0.99943317 0.99968122 0.99909919 0.99966069
 0.99895916 0.99873012 0.99974246 0.9989045  0.99946283 0.9994257
 0.99798276 0.99940452 0.99934715 0.99894307 0.99951293 0.99856557
 0.99960699 0.99850067 0.999293   0.99696288 0.99937701 0.99945825
 0.99840119 0.99918997 0.99852856 0.99849402 0.99889274 0.9995591
 0.99941282 0.999145   0.99963788 0.99949618 0.99889439 0.9995737
 0.99939007 0.99908531 0.9994673  0.99914471 0.99920231 0.9982263
 0.99960152 0.99923089 0.99959922 0.99931409 0.9993144  0.99750391
 0.99937829 0.99970629 0.99612297 0.99881623 0.99962263 0.99746466
 0.99869097 0.99957251 0.99966332 0.99874718 0.99869924 0.99832745
 0.99799133 0.99772144 0.99861839 0.99947607 0.99972186 0.99919195
 0.99935927 0.99977741 0.99867359 0.99917927 0.99747802 0.99959886
 0.99874342 0.99926742 0.99889908 0.99921705 0.99965754 0.99886425
 0.99807698 0.99965634 0.9996446  0.99975573 0.99860565 0.99856876
 0.99817627 0.99845231 0.99909283 0.99894855]                       
gamma=0.33, size=300, alpha_mean=0.9993078463145102, alpha_var=2.4391232741987676e-07
alphas=[0.99918577 0.99892848 0.9996788  0.9983941  0.99959892 0.99968096
 0.9992766  0.99814056 0.99840711 0.99975247 0.99911042 0.99982203
 0.99974741 0.99956336 0.99961417 0.99942792 0.99969496 0.9997238
 0.99975451 0.99953168 0.99974699 0.99889092 0.99959369 0.9992873
 0.99977662 0.99967789 0.99973379 0.99948597 0.99923462 0.99917035
 0.99829253 0.99965952 0.99930483 0.99764303 0.99974993 0.99890384
 0.99871226 0.99974631 0.9997006  0.9989523  0.99876788 0.99841161
 0.99963862 0.9990245  0.99779557 0.99975693 0.9997442  0.99912471
 0.99841195 0.99833011 0.99954224 0.99970911 0.99913068 0.99925424
 0.999549   0.99955376 0.99966283 0.99954204 0.99931228 0.99979887
 0.99965632 0.99915061 0.99972576 0.99924507 0.9988516  0.99980004
 0.99915469 0.99941705 0.99948545 0.99881308 0.99953008 0.99927469
 0.99927067 0.99923434 0.99969108 0.99896889 0.99938451 0.99959199
 0.99948124 0.99968405 0.99945013 0.99930103 0.99943563 0.99949969
 0.99984324 0.99973817 0.99964888 0.99957044 0.99912964 0.99981922
 0.99969868 0.99954271 0.99869601 0.99973525 0.99912963 0.99801834
 0.99969852 0.99964609 0.99924627 0.99816737]                       
gamma=0.33, size=400, alpha_mean=0.9995769832767277, alpha_var=6.404437424280841e-08
alphas=[0.99975102 0.99974365 0.99959592 0.99957676 0.99913908 0.99870132
 0.99973824 0.99928698 0.99953228 0.99966993 0.99978509 0.9987056
 0.99989619 0.9998354  0.99972381 0.99971806 0.99971874 0.99887165
 0.99983782 0.99990909 0.99930432 0.99982017 0.99967566 0.99977271
 0.999383   0.9996296  0.99981525 0.99902555 0.99968009 0.99948877
 0.99972409 0.99984539 0.99967782 0.99942007 0.99950712 0.99919865
 0.99967001 0.99977361 0.99976771 0.99943373 0.99964661 0.99976171
 0.9993097  0.99975539 0.99944017 0.9997497  0.99974572 0.9998743
 0.99932567 0.99952545 0.99950058 0.99971933 0.99948474 0.99959861
 0.9996551  0.99967795 0.99983758 0.99988704 0.99952973 0.99979341
 0.99964722 0.9993528  0.99932775 0.99969698 0.99970845 0.99963318
 0.99928599 0.99971875 0.9991463  0.99939075 0.99954537 0.99977936
 0.99956698 0.99960165 0.99955013 0.9996283  0.99962067 0.99960383
 0.99976501 0.99948964 0.99943106 0.99949284 0.9986718  0.99983582
 0.99967787 0.99974747 0.99973092 0.99940883 0.99975591 0.99953292
 0.99980251 0.99982874 0.99942253 0.99977117 0.99937616 0.99976581
 0.99934876 0.99967763 0.99950989 0.99968216]                       
gamma=0.33, size=500, alpha_mean=0.9996155082562846, alpha_var=5.9421107486476384e-08
alphas=[0.99987824 0.99959592 0.99977234 0.99987491 0.99923955 0.99948035
 0.99942471 0.99929133 0.99987004 0.99969713 0.99978749 0.99956818
 0.99932322 0.99968608 0.99979532 0.99902214 0.99982333 0.9996647
 0.99961478 0.99960578 0.99964741 0.99978408 0.99946344 0.99994508
 0.99971552 0.99961204 0.99922355 0.99967723 0.99953397 0.99956094
 0.99962907 0.99960679 0.99987592 0.99943983 0.9995788  0.99963675
 0.99916136 0.99946731 0.99947038 0.99974119 0.99925791 0.99958725
 0.9996425  0.99979734 0.99899036 0.99911443 0.99981803 0.99979404
 0.99987002 0.99899578 0.99990902 0.9995965  0.99980168 0.99944164
 0.9997094  0.99935576 0.99940921 0.99980886 0.99976512 0.9998065
 0.99994921 0.99943361 0.99917771 0.99989637 0.99974041 0.99923663
 0.99981766 0.99988935 0.99983616 0.99971045 0.99985827 0.99926884
 0.99953671 0.99971582 0.99949892 0.99956253 0.99985138 0.99983486
 0.99984517 0.99984939 0.99983881 0.99975563 0.99982178 0.99977787
 0.99879847 0.99951243 0.9993382  0.99981949 0.9997106  0.99982505
 0.99964461 0.99953632 0.99951817 0.99988199 0.99993666 0.99938901
 0.99980399 0.99974796 0.999566   0.99956079]                       
Mean alpha values for gamma=0.33: 
[0.99806581 0.9990002  0.99930785 0.99957698 0.99961551]
gamma=0.5, size=100, alpha_mean=0.9958966064527295, alpha_var=1.93079938271192e-06
alphas=[0.99627156 0.99673609 0.99460777 0.99712246 0.99359514 0.99524817
 0.99439857 0.99589291 0.99587731 0.99456787 0.99600156 0.99725647
 0.99713881 0.99451898 0.99603218 0.99604721 0.99769219 0.99749076
 0.99452098 0.99748926 0.9945244  0.99645435 0.99624457 0.99360972
 0.99785411 0.99710614 0.99498062 0.99510471 0.9978039  0.9976311
 0.99588828 0.99784244 0.99787831 0.99488478 0.99389438 0.99496809
 0.99673531 0.99338639 0.99829081 0.99465763 0.9980514  0.99498442
 0.99804158 0.99712492 0.9954199  0.99357304 0.99745285 0.99745199
 0.99530683 0.99462941 0.99542847 0.99551473 0.99489727 0.99505416
 0.99466174 0.99679613 0.99495991 0.99498657 0.99746213 0.99703327
 0.99651711 0.99304336 0.99681746 0.99490829 0.9944602  0.99501569
 0.99787824 0.99707481 0.99709784 0.99636036 0.99796652 0.99503909
 0.99743785 0.99478653 0.99496507 0.99479374 0.99514436 0.99745004
 0.9946106  0.99398991 0.99653128 0.99403235 0.99498574 0.99563402
 0.99666531 0.99581219 0.99768041 0.99446463 0.99548333 0.99547348
 0.99586764 0.99444931 0.99575486 0.99822069 0.99459949 0.99466272
 0.99497789 0.99883353 0.99878159 0.99431615]                       
gamma=0.5, size=200, alpha_mean=0.9980086349746549, alpha_var=9.068241497462189e-07
alphas=[0.99894823 0.99880502 0.9988624  0.99838954 0.99689946 0.99622151
 0.99829861 0.99888164 0.9983492  0.99685162 0.99809291 0.99847317
 0.9991916  0.99802813 0.99917449 0.99794746 0.99664498 0.99901173
 0.99872561 0.99896602 0.99772309 0.99800268 0.99761459 0.99875881
 0.99877885 0.99750426 0.99865618 0.99848565 0.9982951  0.99599789
 0.99861599 0.9977298  0.99808786 0.99791976 0.998181   0.9990357
 0.9984515  0.9973789  0.99748363 0.99934239 0.99880941 0.99929829
 0.99692543 0.99641699 0.99732572 0.99696829 0.99900281 0.99699323
 0.99662206 0.99618999 0.99928402 0.99803608 0.99911502 0.99839377
 0.99869204 0.99887251 0.99947318 0.99811541 0.99654808 0.99649823
 0.99807612 0.99671106 0.99860856 0.99817367 0.99682236 0.99687956
 0.99714605 0.99906426 0.9964065  0.99905677 0.99788481 0.99877679
 0.99884262 0.99736752 0.99763505 0.99604805 0.99826826 0.99839798
 0.99924574 0.99719517 0.99754835 0.99714827 0.99884025 0.99864909
 0.99809267 0.9980087  0.99900746 0.99917602 0.99674764 0.99897302
 0.99749973 0.99710307 0.99925878 0.99856669 0.99751508 0.99935374
 0.99883503 0.99630966 0.99622673 0.9970091 ]                       
gamma=0.5, size=300, alpha_mean=0.9987880309944075, alpha_var=3.0420729872789537e-07
alphas=[0.99833772 0.9993822  0.99970719 0.99826727 0.99896683 0.99917584
 0.99950801 0.99886269 0.99858318 0.99897591 0.99876391 0.99776162
 0.99947153 0.99930093 0.99855942 0.99768389 0.99932333 0.99861126
 0.9985483  0.9990762  0.99858439 0.99881982 0.99941744 0.9986912
 0.99795796 0.99921676 0.99891382 0.99919533 0.99737493 0.99904551
 0.99870679 0.99792117 0.99940524 0.99924316 0.9991138  0.9982743
 0.99768131 0.99899864 0.99843392 0.99861675 0.99891026 0.99816106
 0.99938661 0.99927743 0.99902203 0.99812057 0.99876574 0.99930839
 0.99814932 0.99869542 0.99881474 0.99851431 0.99944105 0.99856239
 0.99918952 0.99963421 0.99892702 0.99894288 0.99925487 0.99846643
 0.99772378 0.99919609 0.99802999 0.99811035 0.99959406 0.99929006
 0.99919553 0.99839313 0.99861423 0.99892109 0.99887196 0.99770641
 0.99879156 0.99916239 0.99944856 0.99871401 0.99753485 0.9985791
 0.99834494 0.99964119 0.99870379 0.99942005 0.99843442 0.9992868
 0.99822618 0.99924854 0.99914123 0.99848713 0.99776115 0.9990848
 0.99925863 0.99803304 0.99900369 0.99940681 0.99938738 0.99876146
 0.99777669 0.99940318 0.99885286 0.99923826]                       
gamma=0.5, size=400, alpha_mean=0.9990773606011463, alpha_var=1.9313095372405229e-07
alphas=[0.99888041 0.9983973  0.99933397 0.99950923 0.99903513 0.99933599
 0.99941176 0.99859241 0.99939629 0.99945277 0.99927361 0.99847256
 0.99951952 0.99950114 0.9986708  0.99974228 0.99970999 0.9997564
 0.99872863 0.999239   0.9987398  0.99905732 0.99936644 0.99909722
 0.99952473 0.99881645 0.99920077 0.99968016 0.99903254 0.99934548
 0.99901831 0.99942098 0.99949286 0.99810641 0.99939789 0.99949392
 0.99920379 0.99880173 0.99908816 0.99875823 0.99915763 0.99939807
 0.99908516 0.99961894 0.99920207 0.99933695 0.99952798 0.99795755
 0.99946694 0.99957255 0.99844142 0.99836717 0.99943192 0.99884376
 0.99924166 0.99812734 0.9990807  0.99907585 0.99912088 0.99934159
 0.9988869  0.99964741 0.99821107 0.99890409 0.99931678 0.99883634
 0.9993758  0.99836783 0.99896375 0.99844216 0.99895673 0.999242
 0.99911646 0.9983212  0.99907137 0.99951015 0.998889   0.99933199
 0.99850878 0.99936802 0.99886311 0.99937829 0.9985525  0.99881982
 0.99835095 0.99921469 0.9988866  0.99925956 0.99977287 0.99977151
 0.99948731 0.99864851 0.99907472 0.9990611  0.99978568 0.99861429
 0.99811136 0.99931387 0.99927257 0.99823047]                       
gamma=0.5, size=500, alpha_mean=0.9992591540009687, alpha_var=1.0711180871018595e-07
alphas=[0.99906034 0.99932921 0.99903416 0.99979126 0.9997616  0.99954604
 0.99968278 0.99944694 0.99900915 0.99895763 0.99975524 0.99905451
 0.99904723 0.99916674 0.99969616 0.99936514 0.99951762 0.99893694
 0.99945962 0.99968844 0.99932672 0.99870063 0.99875261 0.99874533
 0.99910505 0.9994046  0.99886262 0.99926187 0.99926443 0.99951038
 0.99945158 0.99921505 0.99859926 0.99929269 0.99908243 0.99861004
 0.99979706 0.99863139 0.99946108 0.9991121  0.99967199 0.9992905
 0.99941227 0.99869183 0.99871849 0.99853099 0.99941222 0.99966228
 0.99942003 0.99942775 0.99926964 0.99894667 0.99921244 0.9996397
 0.99921575 0.99952712 0.99935992 0.99912488 0.99980976 0.99964443
 0.99927165 0.99902225 0.99900539 0.99954083 0.99966959 0.99883465
 0.99943473 0.9995269  0.99877475 0.99937173 0.99931893 0.99926277
 0.99933833 0.99879807 0.99926838 0.99931319 0.99867518 0.9994173
 0.99948002 0.99919945 0.99940473 0.99929725 0.99919124 0.99976929
 0.99964461 0.99981031 0.99856141 0.99927273 0.99937679 0.9995415
 0.99947501 0.99936705 0.99893147 0.99940224 0.99909898 0.99910125
 0.99904543 0.99960938 0.99874013 0.99926814]                       
Mean alpha values for gamma=0.5: 
[0.99589661 0.99800863 0.99878803 0.99907736 0.99925915]
gamma=0.67, size=100, alpha_mean=0.9954966062499041, alpha_var=1.6719170304530101e-06
alphas=[0.99486562 0.99639736 0.99342798 0.99454593 0.99466697 0.99652536
 0.99539324 0.99716263 0.99519078 0.99816939 0.99367439 0.99531557
 0.99348456 0.99627706 0.99528495 0.99848409 0.99527453 0.99353475
 0.99298714 0.99588358 0.99422186 0.99555765 0.99816629 0.99459082
 0.99459245 0.99459699 0.99504828 0.99683063 0.99763514 0.99514676
 0.99466721 0.99463503 0.99391933 0.99272319 0.99495772 0.9957656
 0.99561637 0.99523683 0.99750532 0.99483399 0.99462157 0.99392513
 0.99641195 0.99494797 0.99674598 0.99545522 0.99679285 0.99437837
 0.99598296 0.99439365 0.99465389 0.99675219 0.99463057 0.99441244
 0.99799702 0.99375311 0.99483889 0.99801349 0.9945525  0.9977203
 0.99855618 0.99589427 0.99466381 0.99595162 0.9941836  0.99652313
 0.99618602 0.99490829 0.99624078 0.99610289 0.99671223 0.99472543
 0.99500666 0.99446482 0.9950261  0.99556788 0.99453545 0.99553817
 0.99489212 0.99580874 0.99645613 0.99472902 0.99716345 0.99791184
 0.99473684 0.9939215  0.9956388  0.99574363 0.99519017 0.99396427
 0.99692695 0.99446082 0.99785889 0.99634164 0.9962354  0.99416251
 0.99684421 0.99571194 0.99605358 0.99434742]                       
gamma=0.67, size=200, alpha_mean=0.9976228602049485, alpha_var=8.911379935312384e-07
alphas=[0.9961452  0.99810796 0.99890234 0.99682488 0.99871259 0.99852106
 0.9994482  0.99740208 0.9972319  0.99629772 0.99692855 0.99634734
 0.99646448 0.99850359 0.99909485 0.99588275 0.9980914  0.9966639
 0.99734894 0.99641665 0.99909865 0.99834851 0.9973165  0.99715288
 0.99841412 0.99726173 0.99813047 0.99847371 0.99676515 0.99937532
 0.99690615 0.99758705 0.99820555 0.99638784 0.9969028  0.99842542
 0.99771912 0.99891171 0.9981493  0.99907001 0.99647458 0.99736875
 0.99907186 0.99709718 0.99703031 0.99824107 0.99863757 0.99796167
 0.99854167 0.99576116 0.99771639 0.9971814  0.99872112 0.99845625
 0.99789436 0.99845436 0.99860653 0.99696225 0.99754001 0.99697741
 0.99901992 0.99720361 0.99775531 0.99755788 0.9984248  0.9971374
 0.99633169 0.99741648 0.99600365 0.99738206 0.99741667 0.99862823
 0.99778006 0.99638982 0.99749424 0.99856632 0.99569055 0.9967409
 0.99682302 0.99848296 0.99872674 0.99873659 0.99710185 0.99889183
 0.99794303 0.99678394 0.99629177 0.99801182 0.9968614  0.99742357
 0.99793748 0.99567874 0.99827774 0.99712962 0.99815438 0.99767934
 0.99611441 0.99891216 0.99672136 0.99802844]                       
gamma=0.67, size=300, alpha_mean=0.9984074084929453, alpha_var=3.316360789087404e-07
alphas=[0.99817553 0.99759233 0.99819568 0.99855313 0.99936464 0.99883469
 0.99755253 0.9991892  0.99826817 0.99892934 0.9973381  0.99804817
 0.99842277 0.99894385 0.9985256  0.99930657 0.99761403 0.99746153
 0.99822593 0.9978959  0.9970691  0.99798649 0.99859969 0.99813498
 0.99901535 0.99763894 0.99887707 0.99905671 0.99866095 0.99915652
 0.99784863 0.99733838 0.99850045 0.99752847 0.99870164 0.99852173
 0.99741871 0.99813889 0.99884321 0.99878505 0.99855552 0.99756471
 0.9982022  0.99935243 0.99861756 0.9977668  0.99918145 0.99839424
 0.99788205 0.99789732 0.99916733 0.99907351 0.99859083 0.99853364
 0.9985657  0.99770971 0.99913503 0.9986872  0.99829248 0.99786179
 0.99731116 0.99916538 0.99897091 0.99842479 0.99828098 0.99753129
 0.99785157 0.99829321 0.99761823 0.99779705 0.99941256 0.99770371
 0.99874945 0.99783904 0.99816228 0.99919219 0.99836103 0.9981837
 0.99863208 0.99922281 0.99841231 0.99856182 0.99855265 0.99803939
 0.9986901  0.99855638 0.99820222 0.99840301 0.99894059 0.99885917
 0.99817554 0.99866694 0.99856559 0.99889751 0.99906547 0.99807658
 0.99930762 0.99832796 0.998917   0.99952948]                       
gamma=0.67, size=400, alpha_mean=0.9988252863854084, alpha_var=1.680132727126274e-07
alphas=[0.99826459 0.99893008 0.99898299 0.99806021 0.99902068 0.99868456
 0.99824614 0.99867501 0.99889383 0.99810465 0.998022   0.99852238
 0.99942666 0.99943435 0.99934429 0.99816034 0.99904862 0.99929074
 0.99934517 0.99896983 0.99863705 0.999268   0.99867457 0.9988614
 0.99932468 0.99911016 0.9979903  0.99898186 0.99955128 0.9988658
 0.99908039 0.99898073 0.99812162 0.99923508 0.99866762 0.99889567
 0.99935956 0.9987739  0.99967205 0.99826186 0.99853434 0.99889614
 0.99837867 0.99890832 0.99862684 0.99860334 0.99922589 0.99903669
 0.99956281 0.99889054 0.99846293 0.99832158 0.99814102 0.99851408
 0.99939303 0.99872472 0.99888718 0.99860083 0.99895849 0.9989821
 0.99916587 0.99896973 0.99879182 0.99831111 0.99835445 0.99874269
 0.9988498  0.99927834 0.99868118 0.99830826 0.99893383 0.99903759
 0.9988908  0.99912872 0.99819588 0.99913636 0.99843218 0.99868121
 0.99880571 0.99940586 0.99880668 0.99926618 0.99873364 0.99810997
 0.99819622 0.99892358 0.99807326 0.99919789 0.99871544 0.99928588
 0.99906061 0.99923758 0.99865262 0.99837782 0.99899224 0.99930351
 0.99873926 0.99952946 0.99920388 0.99863128]                       
gamma=0.67, size=500, alpha_mean=0.9990753150750226, alpha_var=1.1602934744622373e-07
alphas=[0.99915615 0.99955872 0.99932772 0.99883356 0.99857378 0.99901745
 0.99851116 0.99918671 0.99899469 0.99885003 0.99862845 0.99899285
 0.99920491 0.99892522 0.99960918 0.99856132 0.99927712 0.9993117
 0.9989826  0.9990478  0.99943629 0.99884802 0.9993032  0.99893132
 0.99872739 0.99922586 0.99932609 0.99951165 0.99902112 0.99919681
 0.999253   0.99835213 0.99924299 0.99915651 0.99833529 0.99937063
 0.99930525 0.99852743 0.99927879 0.99922517 0.99908238 0.99950854
 0.99900134 0.99904056 0.99911021 0.99900167 0.99936467 0.99873057
 0.99895092 0.99836767 0.99868149 0.99869709 0.99908384 0.99954806
 0.99848214 0.99888007 0.99951317 0.999038   0.99899043 0.9986917
 0.99909334 0.99877705 0.99896051 0.99890968 0.99937277 0.99928504
 0.99879302 0.99902229 0.999624   0.99846379 0.99961058 0.99877555
 0.99860051 0.99916373 0.99930933 0.99862076 0.9991395  0.99882064
 0.99875832 0.99952538 0.99924547 0.99863243 0.99888166 0.99957481
 0.99973211 0.99937465 0.99912893 0.99948697 0.9996025  0.99922927
 0.99916769 0.99969188 0.99954844 0.99942804 0.99880831 0.99865584
 0.99960945 0.99940599 0.99888508 0.99892565]                       
Mean alpha values for gamma=0.67: 
[0.99549661 0.99762286 0.99840741 0.99882529 0.99907532]